U:34	B:11,12,13,14,15,16,17,19,29,35,36,37,38,39,43,44,48,50,53,62,63,65,66,67,68,69,70,73,83,84,85,86,87,88,89	D:45
U:1	B:11,12,13,14,15,16,17,18,19,32,33,34,35,36,37,38,39,40,48,58,68,78,88	D:100
U:56	B:12,13,14,15,16,17,18,19,20,32,33,34,35,36,37,38,39,72,73,74,75,76,77,78,79,87,97	D:10
U:46	B:5,7,12,13,22,24,25,26,27,28,32,38,42,44,48,52,54,58,62,64,65,66,67,68,72,82,83,84,85,86,87,88,89,90	D:91
U:55	B:11,12,13,14,15,16,17,18,19,29,32,33,34,35,36,37,39,44,46,49,51,53,59,61,64,66,69,75,79,82,83,84,85,87,89,97	D:1
U:61	B:4,8,10,12,14,16,18,20,22,24,26,28,30,32,34,36,40,42,44,46,50,52,54,56,58,62,64,66,68,72,74,76,78,82,84,86,88,91,96,98	D:70
U:35	B:12,19,23,28,34,37,45,64,67,73,78,82,89	D:44
U:46	B:9,12,15,17,23,26,29,34,38,42,45,47,56,59,62,65,68,73,76,79,82,98	D:55
U:6	B:12,13,14,15,16,17,18,19,29,39,49,52,53,54,55,56,57,58,59,62,72,82,83,84,85,86,87,88,89	D:76
U:2	B:1,5,7,9,13,16,20,22,24,28,33,36,40,41,45,47,52,56,59,61,64,68,70,73,75,79,81,84,87,92,96,98,100	D:60
